1111000010000101
1110000001010100
0000000000000000
0000000000000000
1100000000100001
0011011000000110
0000000000000000
0000000001100001
0010100001101000
0111011101010000
1010011001101000
1111011001010101
1101000001011101
0000000000000000
0000000000000000
1011000100010011
0100001000010010
0000000001101111
1010011001100100
0000000001101111
1010011001101000
1000011101100000
1100000000011111
0000000000000000
0000000000000000
1010011001100010
0110000100100001
0000000001101111
1010011001100100
0000000001101111
1000011101100000
0000011101110010
1100000000000000
0000000000000000
0000000000000000